n: 1 SATable[0]: [0, 0, 0, 0] SATable[1]: [0, 0, 0, 0] SATable[7047]: [0, 0, 0, 0] SATable[20169]: [0, 0, 0, 0] SATable[33291]: [0, 0, 0, 0]
n: 1667 SATable[0]: [-0.3354032639, -0.4247177956, -0.3367634482, -0.3362974675] SATable[1]: [0.022630042, -0.25, 0, -0.0012557966] SATable[7047]: [0.0046511628, 0.0045424013, 0, 0] SATable[20169]: [0, 0, 0, 0] SATable[33291]: [0.0101787099, 0, -0.0217391304, -0.0083169661]
n: 3334 SATable[0]: [-0.3706183975, -0.4309278837, -0.3701066699, -0.3706007444] SATable[1]: [0.0084792293, -0.2506129597, 0, -0.0038963448] SATable[7047]: [0.0056838369, 0.0045424013, 0, 0] SATable[20169]: [0, 0, 0, 0] SATable[33291]: [0.0131550797, 0.0020774885, -0.0217391304, -0.0083169661]
n: 5001 SATable[0]: [-0.3934857366, -0.4433732695, -0.3934334259, -0.3933648592] SATable[1]: [0.003655555, -0.2506129597, -0.0020946476, -0.0038963448] SATable[7047]: [0.0056838369, 0.0045424013, 0, 0] SATable[20169]: [0, 0, 0, 0] SATable[33291]: [0.0180809753, 0.0020774885, -0.0217391304, -0.0090259709]
n: 6667 SATable[0]: [-0.4105643156, -0.4449134538, -0.4104027431, -0.4111785517] SATable[1]: [0.0002428397, -0.2506129597, -0.0020946476, -0.0044115878] SATable[7047]: [0.0056838369, 0.0045424013, 0, 0] SATable[20169]: [0, 0, 0, 0] SATable[33291]: [0.0186435862, 0.0020774885, -0.0220886672, -0.0090259709]
n: 8334 SATable[0]: [-0.4210712309, -0.4491202424, -0.4211427581, -0.4214423236] SATable[1]: [-0.0023382209, -0.2506990382, -0.0020946476, -0.0052049023] SATable[7047]: [0.0056838369, 0.0045424013, 0, 0] SATable[20169]: [0, 0, 0, 0] SATable[33291]: [0.0199009994, 0.0024733155, -0.0220886672, -0.0094095672]
n: 10001 SATable[0]: [-0.4306795937, -0.4507728198, -0.430821338, -0.4310792349] SATable[1]: [-0.0037029667, -0.2506990382, -0.0033518011, -0.0055250996] SATable[7047]: [0.0056838369, 0.0045424013, 0, 0] SATable[20169]: [0, 0, 0, 0] SATable[33291]: [0.0219239616, 0.0024733155, -0.0220886672, -0.0094095672]
n: 11667 SATable[0]: [-0.4387885002, -0.4525812872, -0.4387616381, -0.4388673328] SATable[1]: [-0.0048980999, -0.2506193601, -0.0046085482, -0.0058953664] SATable[7047]: [0.0056838369, 0.0045424013, 0, 0] SATable[20169]: [0, 0, 0, 0] SATable[33291]: [0.0244444328, 0.0024733155, -0.0220886672, -0.0095024986]
n: 13334 SATable[0]: [-0.4469459181, -0.4555133873, -0.4469175314, -0.4469503259] SATable[1]: [-0.0054715824, -0.2506193601, -0.0058067711, -0.0058464856] SATable[7047]: [0.0056838369, 0.0045424013, 0, 0] SATable[20169]: [0, 0, 0, 0] SATable[33291]: [0.0254067363, 0.0024733155, -0.0220849473, -0.0094971942]
n: 15001 SATable[0]: [-0.4528292036, -0.4581272025, -0.4529928102, -0.4530281269] SATable[1]: [-0.0063229709, -0.2506193601, -0.0062342607, -0.0063560143] SATable[7047]: [0.0056838369, 0.0045424013, 0, 0] SATable[20169]: [0, 0, 0, 0] SATable[33291]: [0.0261370366, 0.0024733155, -0.0220849473, -0.0097092593]
n: 16667 SATable[0]: [-0.4587331446, -0.4599538186, -0.4587937862, -0.4587160809] SATable[1]: [-0.0072097199, -0.2505662433, -0.0073047235, -0.0071249368] SATable[7047]: [0.0056838369, 0.0045424013, 0, 0] SATable[20169]: [0, 0, 0, 0] SATable[33291]: [0.0266013651, 0.0024733155, -0.0220820539, -0.0098254207]
n: 18334 SATable[0]: [-0.463306615, -0.4632488838, -0.4632596792, -0.4637058476] SATable[1]: [-0.0074904201, -0.2508219163, -0.0075907566, -0.0075048372] SATable[7047]: [0.0056838369, 0.0045424013, 0, 0] SATable[20169]: [0, 0, 0, 0] SATable[33291]: [0.0272818765, 0.0024733155, -0.0220820539, -0.0098254207]
n: 20001 SATable[0]: [-0.4676963118, -0.4677018986, -0.4676729016, -0.4678049389] SATable[1]: [-0.0081981594, -0.2508131911, -0.0082130109, -0.0081179632] SATable[7047]: [0.0056838369, 0.0045424013, 0, 0] SATable[20169]: [0, 0, 0, 0] SATable[33291]: [0.0277181057, 0.0024733155, -0.0220820539, -0.0098254207]
