"C:\Program Files\Python35\python.exe" "C:\Program Files (x86)\JetBrains\PyCharm Community Edition 2016.1.4\helpers\pydev\pydevd.py" --multiproc --qt-support --client 127.0.0.1 --port 57378 --file D:/Academic/2016_summer_research/traffic_sim/network_control.py
pydev debugger: process 10620 is connecting

Connected to pydev debugger (build 145.1504)
0.0
0.0
0.0
0.0
0.0
0.0
-0.25
0.0
0.0
0.2
-0.2
-0.2
0.0
0.0
-0.1666666667
-0.1428571429
-0.1428571429
0.1428571429
-0.125
0.0
-0.125
0.0
0.0
0.2222222222
0.0
0.2
0.0
0.1818181818
0.0
0.0
0.0
-0.0833333333
0.0
0.0
0.0769230769
-0.0769230769
-0.1428571429
0.0
-0.0714285714
-0.0666666667
0.0
0.1333333333
0.1875
0.0
0.0
0.0
-0.0588235294
0.0
0.0
-0.0555555556
-0.0555555556
0.0
0.0
-0.0526315789
-0.05
0.0
0.05
-0.0952380952
0.0
0.0476190476
0.0454545455
0.0909090909
0.0
0.0869565217
0.0
0.0
0.0
0.0
0.0
-0.04
-0.04
0.0
-0.0384615385
0.0384615385
-0.0384615385
0.0740740741
0.0
0.037037037
0.0
-0.0357142857
0.0
-0.0689655172
0.0344827586
-0.0344827586
-0.1
0.0
0.0333333333
0.0967741935
0.0
0.0
0.0625
-0.03125
-0.03125
-0.0303030303
-0.0303030303
0.0303030303
-0.1176470588
-0.0294117647
0.0
0.1428571429
0.0857142857
-0.0285714286
0.0
0.0
0.0277777778
-0.027027027
0.0
0.0
0.0
0.0
-0.0526315789
0.0
0.0
0.0256410256
-0.05
0.0
-0.025
-0.0487804878
-0.0487804878
0.0487804878
-0.0476190476
0.0476190476
0.0
-0.023255814
0.0
0.0
0.0
-0.0227272727
0.0
0.1777777778
-0.0222222222
0.0
-0.0652173913
-0.0434782609
0.0
0.0212765957
-0.0212765957
0.0
-0.0208333333
0.1041666667
0.0
0.0204081633
0.0
0.0
0.04
-0.02
-0.06
-0.0392156863
0.0196078431
0.0
0.0
0.0
0.0576923077
0.0377358491
0.0
0.0
-0.037037037
-0.0740740741
0.0
0.0181818182
0.0181818182
0.0
0.0178571429
0.0535714286
0.0
-0.0175438596
-0.0175438596
0.0
0.0
0.0
0.0
0.0169491525
0.0
0.0
-0.0333333333
-0.0166666667
0.0
-0.0327868852
0.0
0.0
0.0
0.0322580645
0.0
0.0158730159
0.0
-0.0158730159
-0.015625
0.0
-0.03125
0.0615384615
-0.0153846154
0.0461538462
0.0
-0.0303030303
0.0
0.0
0.0
0.0
0.0
0.0
-0.0147058824
0.0
0.0434782609
0.0144927536
0.0
0.0
0.0
-0.014084507
0.0
-0.014084507
0.0138888889
-0.0138888889
-0.0416666667
0.0
0.0136986301
0.0136986301
0.0
-0.0135135135
0.0
0.0
0.0133333333
0.0266666667
-0.0131578947
0.0
0.0131578947
-0.038961039
0.0
-0.012987013
0.0128205128
0.0
0.0128205128
0.0379746835
0.0
-0.0126582278
0.0
0.0
-0.0125
0.0
0.0
0.024691358
-0.012195122
0.0
-0.012195122
-0.0120481928
0.0
-0.0120481928
-0.0119047619
-0.0238095238
0.0
0.0352941176
-0.0235294118
-0.0235294118
-0.011627907
0.0
0.0348837209
-0.0229885057
0.0
0.0
0.0340909091
0.0
0.0113636364
0.0
-0.0112359551
0.0
-0.0222222222
-0.0111111111
0.0
0.0
0.032967033
0.0
0.0108695652
0.0
0.0
-0.0107526882
0.0215053763
-0.0107526882
0.0
0.0106382979
0.0106382979
-0.0105263158
0.0
0.0
0.0208333333
0.0
-0.0104166667
0.0103092784
-0.0103092784
-0.0103092784
-0.0204081633
0.0102040816
0.0204081633
0.0202020202
0.0
-0.0101010101
-0.01
-0.01
0.01
0.0099009901
0.0099009901
0.0
0.0
0.0
0.0
-0.0194174757
0.0
0.0
0.0096153846
-0.0192307692
0.0
0.0095238095
0.019047619
0.0
-0.0094339623
0.0
-0.0188679245
-0.0093457944
-0.0093457944
0.0
0.0092592593
0.0092592593
-0.0185185185
0.0091743119
0.0
0.0366972477
0.0
-0.0090909091
-0.0090909091
-0.018018018
-0.009009009
-0.009009009
-0.0178571429
0.0178571429
0.0178571429
-0.0088495575
-0.0088495575
0.0
0.0
-0.0087719298
0.0
0.0347826087
0.0
-0.0347826087
0.0
-0.0086206897
0.0086206897
-0.0085470085
0.0
-0.0085470085
-0.0084745763
-0.0084745763
0.0338983051
0.025210084
0.025210084
-0.025210084
0.0
0.0083333333
-0.0083333333
-0.0165289256
0.0
0.0082644628
0.0081967213
0.0
0.0081967213
0.0
0.0
0.0
-0.0161290323
0.0
-0.0161290323
0.0
0.0
0.024
0.0079365079
-0.0079365079
0.0
-0.0078740157
-0.0078740157
-0.0236220472
0.0234375
0.0078125
0.0234375
-0.015503876
-0.007751938
-0.023255814
-0.0076923077
0.0153846154
-0.0153846154
0.0076335878
-0.0076335878
-0.0076335878
0.0
-0.0075757576
0.053030303
-0.007518797
0.007518797
-0.022556391
-0.0074626866
-0.0149253731
0.0
0.0296296296
0.0222222222
0.0
0.0
0.0
0.0220588235
-0.0218978102
0.0
-0.0145985401
-0.0144927536
-0.0072463768
0.0
-0.0071942446
-0.0071942446
0.0143884892
0.0428571429
0.0142857143
0.0
-0.0141843972
-0.0070921986
-0.0070921986
0.0
0.0
-0.0070422535
0.013986014
-0.006993007
0.0
-0.0138888889
-0.0069444444
-0.0069444444
0.0137931034
0.0137931034
0.0137931034
-0.0136986301
-0.0068493151
0.0
0.0136054422
-0.0068027211
-0.0068027211
shit!!!!!!!

Process finished with exit code -1
